Command line
python F:\lu\jupyter\CG2308-·Ö×Ó¶¾ÐÔÔ¤²â\dhtnn-master\train.py --data_path rToxcast\train.csv --dataset_type classification --save_dir rToxcast_save
Args
{'activation': 'ReLU',
 'aggregation': 'mean',
 'aggregation_norm': 100,
 'atom_descriptor_scaling': True,
 'atom_descriptors': None,
 'atom_descriptors_path': None,
 'atom_descriptors_size': 0,
 'atom_features_size': 0,
 'atom_messages': False,
 'batch_size': 50,
 'bias': False,
 'bond_feature_scaling': True,
 'bond_features_path': None,
 'bond_features_size': 0,
 'cache_cutoff': 10000,
 'checkpoint_dir': None,
 'checkpoint_frzn': None,
 'checkpoint_path': None,
 'checkpoint_paths': None,
 'class_balance': False,
 'config_path': None,
 'crossval_index_dir': None,
 'crossval_index_file': None,
 'crossval_index_sets': None,
 'cuda': False,
 'data_path': 'rToxcast\\train.csv',
 'data_weights_path': None,
 'dataset_type': 'classification',
 'depth': 3,
 'device': device(type='cpu'),
 'dropout': 0.0,
 'empty_cache': False,
 'ensemble_size': 1,
 'epochs': 100,
 'explicit_h': False,
 'extra_metrics': [],
 'features_generator': None,
 'features_only': False,
 'features_path': None,
 'features_scaling': True,
 'features_size': None,
 'ffn_hidden_size': 300,
 'ffn_num_layers': 2,
 'final_lr': 0.0001,
 'folds_file': None,
 'freeze_first_only': False,
 'frzn_ffn_layers': 0,
 'gpu': None,
 'grad_clip': None,
 'hidden_size': 300,
 'ignore_columns': None,
 'init_lr': 0.0001,
 'log_frequency': 10,
 'max_data_size': None,
 'max_lr': 0.001,
 'metric': 'auc',
 'metrics': ['auc'],
 'minimize_score': False,
 'mpn_shared': False,
 'multiclass_num_classes': 3,
 'no_atom_descriptor_scaling': False,
 'no_bond_features_scaling': False,
 'no_cache_mol': False,
 'no_cuda': False,
 'no_features_scaling': False,
 'num_folds': 1,
 'num_lrs': 1,
 'num_tasks': 617,
 'num_workers': 8,
 'number_of_molecules': 1,
 'overwrite_default_atom_features': False,
 'overwrite_default_bond_features': False,
 'pytorch_seed': 0,
 'quiet': False,
 'reaction': False,
 'reaction_mode': 'reac_diff',
 'resume_experiment': False,
 'save_dir': 'rToxcast_save',
 'save_preds': False,
 'save_smiles_splits': False,
 'seed': 0,
 'separate_test_atom_descriptors_path': None,
 'separate_test_bond_features_path': None,
 'separate_test_features_path': None,
 'separate_test_path': 'rToxcast/test.csv',
 'separate_val_atom_descriptors_path': None,
 'separate_val_bond_features_path': None,
 'separate_val_features_path': None,
 'separate_val_path': 'rToxcast/val.csv',
 'show_individual_scores': False,
 'smiles_columns': ['smiles'],
 'split_sizes': (0.8, 0.1, 0.1),
 'split_type': 'random',
 'target_columns': None,
 'target_weights': None,
 'task_names': ['ACEA_T47D_80hr_Negative',
                'ACEA_T47D_80hr_Positive',
                'APR_HepG2_CellCycleArrest_24h_dn',
                'APR_HepG2_CellCycleArrest_24h_up',
                'APR_HepG2_CellCycleArrest_72h_dn',
                'APR_HepG2_CellLoss_24h_dn',
                'APR_HepG2_CellLoss_72h_dn',
                'APR_HepG2_MicrotubuleCSK_24h_dn',
                'APR_HepG2_MicrotubuleCSK_24h_up',
                'APR_HepG2_MicrotubuleCSK_72h_dn',
                'APR_HepG2_MicrotubuleCSK_72h_up',
                'APR_HepG2_MitoMass_24h_dn',
                'APR_HepG2_MitoMass_24h_up',
                'APR_HepG2_MitoMass_72h_dn',
                'APR_HepG2_MitoMass_72h_up',
                'APR_HepG2_MitoMembPot_1h_dn',
                'APR_HepG2_MitoMembPot_24h_dn',
                'APR_HepG2_MitoMembPot_72h_dn',
                'APR_HepG2_MitoticArrest_24h_up',
                'APR_HepG2_MitoticArrest_72h_up',
                'APR_HepG2_NuclearSize_24h_dn',
                'APR_HepG2_NuclearSize_72h_dn',
                'APR_HepG2_NuclearSize_72h_up',
                'APR_HepG2_OxidativeStress_24h_up',
                'APR_HepG2_OxidativeStress_72h_up',
                'APR_HepG2_StressKinase_1h_up',
                'APR_HepG2_StressKinase_24h_up',
                'APR_HepG2_StressKinase_72h_up',
                'APR_HepG2_p53Act_24h_up',
                'APR_HepG2_p53Act_72h_up',
                'APR_Hepat_Apoptosis_24hr_up',
                'APR_Hepat_Apoptosis_48hr_up',
                'APR_Hepat_CellLoss_24hr_dn',
                'APR_Hepat_CellLoss_48hr_dn',
                'APR_Hepat_DNADamage_24hr_up',
                'APR_Hepat_DNADamage_48hr_up',
                'APR_Hepat_DNATexture_24hr_up',
                'APR_Hepat_DNATexture_48hr_up',
                'APR_Hepat_MitoFxnI_1hr_dn',
                'APR_Hepat_MitoFxnI_24hr_dn',
                'APR_Hepat_MitoFxnI_48hr_dn',
                'APR_Hepat_NuclearSize_24hr_dn',
                'APR_Hepat_NuclearSize_48hr_dn',
                'APR_Hepat_Steatosis_24hr_up',
                'APR_Hepat_Steatosis_48hr_up',
                'ATG_AP_1_CIS_dn',
                'ATG_AP_1_CIS_up',
                'ATG_AP_2_CIS_dn',
                'ATG_AP_2_CIS_up',
                'ATG_AR_TRANS_dn',
                'ATG_AR_TRANS_up',
                'ATG_Ahr_CIS_dn',
                'ATG_Ahr_CIS_up',
                'ATG_BRE_CIS_dn',
                'ATG_BRE_CIS_up',
                'ATG_CAR_TRANS_dn',
                'ATG_CAR_TRANS_up',
                'ATG_CMV_CIS_dn',
                'ATG_CMV_CIS_up',
                'ATG_CRE_CIS_dn',
                'ATG_CRE_CIS_up',
                'ATG_C_EBP_CIS_dn',
                'ATG_C_EBP_CIS_up',
                'ATG_DR4_LXR_CIS_dn',
                'ATG_DR4_LXR_CIS_up',
                'ATG_DR5_CIS_dn',
                'ATG_DR5_CIS_up',
                'ATG_E2F_CIS_dn',
                'ATG_E2F_CIS_up',
                'ATG_EGR_CIS_up',
                'ATG_ERE_CIS_dn',
                'ATG_ERE_CIS_up',
                'ATG_ERRa_TRANS_dn',
                'ATG_ERRg_TRANS_dn',
                'ATG_ERRg_TRANS_up',
                'ATG_ERa_TRANS_up',
                'ATG_E_Box_CIS_dn',
                'ATG_E_Box_CIS_up',
                'ATG_Ets_CIS_dn',
                'ATG_Ets_CIS_up',
                'ATG_FXR_TRANS_up',
                'ATG_FoxA2_CIS_dn',
                'ATG_FoxA2_CIS_up',
                'ATG_FoxO_CIS_dn',
                'ATG_FoxO_CIS_up',
                'ATG_GAL4_TRANS_dn',
                'ATG_GATA_CIS_dn',
                'ATG_GATA_CIS_up',
                'ATG_GLI_CIS_dn',
                'ATG_GLI_CIS_up',
                'ATG_GRE_CIS_dn',
                'ATG_GRE_CIS_up',
                'ATG_GR_TRANS_dn',
                'ATG_GR_TRANS_up',
                'ATG_HIF1a_CIS_dn',
                'ATG_HIF1a_CIS_up',
                'ATG_HNF4a_TRANS_dn',
                'ATG_HNF4a_TRANS_up',
                'ATG_HNF6_CIS_dn',
                'ATG_HNF6_CIS_up',
                'ATG_HSE_CIS_dn',
                'ATG_HSE_CIS_up',
                'ATG_IR1_CIS_dn',
                'ATG_IR1_CIS_up',
                'ATG_ISRE_CIS_dn',
                'ATG_ISRE_CIS_up',
                'ATG_LXRa_TRANS_dn',
                'ATG_LXRa_TRANS_up',
                'ATG_LXRb_TRANS_dn',
                'ATG_LXRb_TRANS_up',
                'ATG_MRE_CIS_up',
                'ATG_M_06_TRANS_up',
                'ATG_M_19_CIS_dn',
                'ATG_M_19_TRANS_dn',
                'ATG_M_19_TRANS_up',
                'ATG_M_32_CIS_dn',
                'ATG_M_32_CIS_up',
                'ATG_M_32_TRANS_dn',
                'ATG_M_32_TRANS_up',
                'ATG_M_61_TRANS_up',
                'ATG_Myb_CIS_dn',
                'ATG_Myb_CIS_up',
                'ATG_Myc_CIS_dn',
                'ATG_Myc_CIS_up',
                'ATG_NFI_CIS_dn',
                'ATG_NFI_CIS_up',
                'ATG_NF_kB_CIS_dn',
                'ATG_NF_kB_CIS_up',
                'ATG_NRF1_CIS_dn',
                'ATG_NRF1_CIS_up',
                'ATG_NRF2_ARE_CIS_dn',
                'ATG_NRF2_ARE_CIS_up',
                'ATG_NURR1_TRANS_dn',
                'ATG_NURR1_TRANS_up',
                'ATG_Oct_MLP_CIS_dn',
                'ATG_Oct_MLP_CIS_up',
                'ATG_PBREM_CIS_dn',
                'ATG_PBREM_CIS_up',
                'ATG_PPARa_TRANS_dn',
                'ATG_PPARa_TRANS_up',
                'ATG_PPARd_TRANS_up',
                'ATG_PPARg_TRANS_up',
                'ATG_PPRE_CIS_dn',
                'ATG_PPRE_CIS_up',
                'ATG_PXRE_CIS_dn',
                'ATG_PXRE_CIS_up',
                'ATG_PXR_TRANS_dn',
                'ATG_PXR_TRANS_up',
                'ATG_Pax6_CIS_up',
                'ATG_RARa_TRANS_dn',
                'ATG_RARa_TRANS_up',
                'ATG_RARb_TRANS_dn',
                'ATG_RARb_TRANS_up',
                'ATG_RARg_TRANS_dn',
                'ATG_RARg_TRANS_up',
                'ATG_RORE_CIS_dn',
                'ATG_RORE_CIS_up',
                'ATG_RORb_TRANS_dn',
                'ATG_RORg_TRANS_dn',
                'ATG_RORg_TRANS_up',
                'ATG_RXRa_TRANS_dn',
                'ATG_RXRa_TRANS_up',
                'ATG_RXRb_TRANS_dn',
                'ATG_RXRb_TRANS_up',
                'ATG_SREBP_CIS_dn',
                'ATG_SREBP_CIS_up',
                'ATG_STAT3_CIS_dn',
                'ATG_STAT3_CIS_up',
                'ATG_Sox_CIS_dn',
                'ATG_Sox_CIS_up',
                'ATG_Sp1_CIS_dn',
                'ATG_Sp1_CIS_up',
                'ATG_TAL_CIS_dn',
                'ATG_TAL_CIS_up',
                'ATG_TA_CIS_dn',
                'ATG_TA_CIS_up',
                'ATG_TCF_b_cat_CIS_dn',
                'ATG_TCF_b_cat_CIS_up',
                'ATG_TGFb_CIS_dn',
                'ATG_TGFb_CIS_up',
                'ATG_THRa1_TRANS_dn',
                'ATG_THRa1_TRANS_up',
                'ATG_VDRE_CIS_dn',
                'ATG_VDRE_CIS_up',
                'ATG_VDR_TRANS_dn',
                'ATG_VDR_TRANS_up',
                'ATG_XTT_Cytotoxicity_up',
                'ATG_Xbp1_CIS_dn',
                'ATG_Xbp1_CIS_up',
                'ATG_p53_CIS_dn',
                'ATG_p53_CIS_up',
                'BSK_3C_Eselectin_down',
                'BSK_3C_HLADR_down',
                'BSK_3C_ICAM1_down',
                'BSK_3C_IL8_down',
                'BSK_3C_MCP1_down',
                'BSK_3C_MIG_down',
                'BSK_3C_Proliferation_down',
                'BSK_3C_SRB_down',
                'BSK_3C_Thrombomodulin_down',
                'BSK_3C_Thrombomodulin_up',
                'BSK_3C_TissueFactor_down',
                'BSK_3C_TissueFactor_up',
                'BSK_3C_VCAM1_down',
                'BSK_3C_Vis_down',
                'BSK_3C_uPAR_down',
                'BSK_4H_Eotaxin3_down',
                'BSK_4H_MCP1_down',
                'BSK_4H_Pselectin_down',
                'BSK_4H_Pselectin_up',
                'BSK_4H_SRB_down',
                'BSK_4H_VCAM1_down',
                'BSK_4H_VEGFRII_down',
                'BSK_4H_uPAR_down',
                'BSK_4H_uPAR_up',
                'BSK_BE3C_HLADR_down',
                'BSK_BE3C_IL1a_down',
                'BSK_BE3C_IP10_down',
                'BSK_BE3C_MIG_down',
                'BSK_BE3C_MMP1_down',
                'BSK_BE3C_MMP1_up',
                'BSK_BE3C_PAI1_down',
                'BSK_BE3C_SRB_down',
                'BSK_BE3C_TGFb1_down',
                'BSK_BE3C_tPA_down',
                'BSK_BE3C_uPAR_down',
                'BSK_BE3C_uPAR_up',
                'BSK_BE3C_uPA_down',
                'BSK_CASM3C_HLADR_down',
                'BSK_CASM3C_IL6_down',
                'BSK_CASM3C_IL6_up',
                'BSK_CASM3C_IL8_down',
                'BSK_CASM3C_LDLR_down',
                'BSK_CASM3C_LDLR_up',
                'BSK_CASM3C_MCP1_down',
                'BSK_CASM3C_MCP1_up',
                'BSK_CASM3C_MCSF_down',
                'BSK_CASM3C_MCSF_up',
                'BSK_CASM3C_MIG_down',
                'BSK_CASM3C_Proliferation_down',
                'BSK_CASM3C_Proliferation_up',
                'BSK_CASM3C_SAA_down',
                'BSK_CASM3C_SAA_up',
                'BSK_CASM3C_SRB_down',
                'BSK_CASM3C_Thrombomodulin_down',
                'BSK_CASM3C_Thrombomodulin_up',
                'BSK_CASM3C_TissueFactor_down',
                'BSK_CASM3C_VCAM1_down',
                'BSK_CASM3C_VCAM1_up',
                'BSK_CASM3C_uPAR_down',
                'BSK_CASM3C_uPAR_up',
                'BSK_KF3CT_ICAM1_down',
                'BSK_KF3CT_IL1a_down',
                'BSK_KF3CT_IP10_down',
                'BSK_KF3CT_IP10_up',
                'BSK_KF3CT_MCP1_down',
                'BSK_KF3CT_MCP1_up',
                'BSK_KF3CT_MMP9_down',
                'BSK_KF3CT_SRB_down',
                'BSK_KF3CT_TGFb1_down',
                'BSK_KF3CT_TIMP2_down',
                'BSK_KF3CT_uPA_down',
                'BSK_LPS_CD40_down',
                'BSK_LPS_Eselectin_down',
                'BSK_LPS_Eselectin_up',
                'BSK_LPS_IL1a_down',
                'BSK_LPS_IL1a_up',
                'BSK_LPS_IL8_down',
                'BSK_LPS_IL8_up',
                'BSK_LPS_MCP1_down',
                'BSK_LPS_MCSF_down',
                'BSK_LPS_PGE2_down',
                'BSK_LPS_PGE2_up',
                'BSK_LPS_SRB_down',
                'BSK_LPS_TNFa_down',
                'BSK_LPS_TNFa_up',
                'BSK_LPS_TissueFactor_down',
                'BSK_LPS_TissueFactor_up',
                'BSK_LPS_VCAM1_down',
                'BSK_SAg_CD38_down',
                'BSK_SAg_CD40_down',
                'BSK_SAg_CD69_down',
                'BSK_SAg_Eselectin_down',
                'BSK_SAg_Eselectin_up',
                'BSK_SAg_IL8_down',
                'BSK_SAg_IL8_up',
                'BSK_SAg_MCP1_down',
                'BSK_SAg_MIG_down',
                'BSK_SAg_PBMCCytotoxicity_down',
                'BSK_SAg_PBMCCytotoxicity_up',
                'BSK_SAg_Proliferation_down',
                'BSK_SAg_SRB_down',
                'BSK_hDFCGF_CollagenIII_down',
                'BSK_hDFCGF_EGFR_down',
                'BSK_hDFCGF_EGFR_up',
                'BSK_hDFCGF_IL8_down',
                'BSK_hDFCGF_IP10_down',
                'BSK_hDFCGF_MCSF_down',
                'BSK_hDFCGF_MIG_down',
                'BSK_hDFCGF_MMP1_down',
                'BSK_hDFCGF_MMP1_up',
                'BSK_hDFCGF_PAI1_down',
                'BSK_hDFCGF_Proliferation_down',
                'BSK_hDFCGF_SRB_down',
                'BSK_hDFCGF_TIMP1_down',
                'BSK_hDFCGF_VCAM1_down',
                'CEETOX_H295R_11DCORT_dn',
                'CEETOX_H295R_ANDR_dn',
                'CEETOX_H295R_CORTISOL_dn',
                'CEETOX_H295R_DOC_dn',
                'CEETOX_H295R_DOC_up',
                'CEETOX_H295R_ESTRADIOL_dn',
                'CEETOX_H295R_ESTRADIOL_up',
                'CEETOX_H295R_ESTRONE_dn',
                'CEETOX_H295R_ESTRONE_up',
                'CEETOX_H295R_OHPREG_up',
                'CEETOX_H295R_OHPROG_dn',
                'CEETOX_H295R_OHPROG_up',
                'CEETOX_H295R_PROG_up',
                'CEETOX_H295R_TESTO_dn',
                'CLD_ABCB1_48hr',
                'CLD_ABCG2_48hr',
                'CLD_CYP1A1_24hr',
                'CLD_CYP1A1_48hr',
                'CLD_CYP1A1_6hr',
                'CLD_CYP1A2_24hr',
                'CLD_CYP1A2_48hr',
                'CLD_CYP1A2_6hr',
                'CLD_CYP2B6_24hr',
                'CLD_CYP2B6_48hr',
                'CLD_CYP2B6_6hr',
                'CLD_CYP3A4_24hr',
                'CLD_CYP3A4_48hr',
                'CLD_CYP3A4_6hr',
                'CLD_GSTA2_48hr',
                'CLD_SULT2A_24hr',
                'CLD_SULT2A_48hr',
                'CLD_UGT1A1_24hr',
                'CLD_UGT1A1_48hr',
                'NCCT_HEK293T_CellTiterGLO',
                'NCCT_QuantiLum_inhib_2_dn',
                'NCCT_QuantiLum_inhib_dn',
                'NCCT_TPO_AUR_dn',
                'NCCT_TPO_GUA_dn',
                'NHEERL_ZF_144hpf_TERATOSCORE_up',
                'NVS_ADME_hCYP19A1',
                'NVS_ADME_hCYP1A1',
                'NVS_ADME_hCYP1A2',
                'NVS_ADME_hCYP2A6',
                'NVS_ADME_hCYP2B6',
                'NVS_ADME_hCYP2C19',
                'NVS_ADME_hCYP2C9',
                'NVS_ADME_hCYP2D6',
                'NVS_ADME_hCYP3A4',
                'NVS_ADME_hCYP4F12',
                'NVS_ADME_rCYP2C12',
                'NVS_ENZ_hAChE',
                'NVS_ENZ_hAMPKa1',
                'NVS_ENZ_hAurA',
                'NVS_ENZ_hBACE',
                'NVS_ENZ_hCASP5',
                'NVS_ENZ_hCK1D',
                'NVS_ENZ_hDUSP3',
                'NVS_ENZ_hES',
                'NVS_ENZ_hElastase',
                'NVS_ENZ_hFGFR1',
                'NVS_ENZ_hGSK3b',
                'NVS_ENZ_hMMP1',
                'NVS_ENZ_hMMP13',
                'NVS_ENZ_hMMP2',
                'NVS_ENZ_hMMP3',
                'NVS_ENZ_hMMP7',
                'NVS_ENZ_hMMP9',
                'NVS_ENZ_hPDE10',
                'NVS_ENZ_hPDE4A1',
                'NVS_ENZ_hPDE5',
                'NVS_ENZ_hPI3Ka',
                'NVS_ENZ_hPTEN',
                'NVS_ENZ_hPTPN11',
                'NVS_ENZ_hPTPN12',
                'NVS_ENZ_hPTPN13',
                'NVS_ENZ_hPTPN9',
                'NVS_ENZ_hPTPRC',
                'NVS_ENZ_hSIRT1',
                'NVS_ENZ_hSIRT2',
                'NVS_ENZ_hTrkA',
                'NVS_ENZ_hVEGFR2',
                'NVS_ENZ_oCOX1',
                'NVS_ENZ_oCOX2',
                'NVS_ENZ_rAChE',
                'NVS_ENZ_rCNOS',
                'NVS_ENZ_rMAOAC',
                'NVS_ENZ_rMAOAP',
                'NVS_ENZ_rMAOBC',
                'NVS_ENZ_rMAOBP',
                'NVS_ENZ_rabI2C',
                'NVS_GPCR_bAdoR_NonSelective',
                'NVS_GPCR_bDR_NonSelective',
                'NVS_GPCR_g5HT4',
                'NVS_GPCR_gH2',
                'NVS_GPCR_gLTB4',
                'NVS_GPCR_gLTD4',
                'NVS_GPCR_gMPeripheral_NonSelective',
                'NVS_GPCR_gOpiateK',
                'NVS_GPCR_h5HT2A',
                'NVS_GPCR_h5HT5A',
                'NVS_GPCR_h5HT6',
                'NVS_GPCR_h5HT7',
                'NVS_GPCR_hAT1',
                'NVS_GPCR_hAdoRA1',
                'NVS_GPCR_hAdoRA2a',
                'NVS_GPCR_hAdra2A',
                'NVS_GPCR_hAdra2C',
                'NVS_GPCR_hAdrb1',
                'NVS_GPCR_hAdrb2',
                'NVS_GPCR_hAdrb3',
                'NVS_GPCR_hDRD1',
                'NVS_GPCR_hDRD2s',
                'NVS_GPCR_hDRD4.4',
                'NVS_GPCR_hH1',
                'NVS_GPCR_hLTB4_BLT1',
                'NVS_GPCR_hM1',
                'NVS_GPCR_hM2',
                'NVS_GPCR_hM3',
                'NVS_GPCR_hM4',
                'NVS_GPCR_hNK2',
                'NVS_GPCR_hOpiate_D1',
                'NVS_GPCR_hOpiate_mu',
                'NVS_GPCR_hTXA2',
                'NVS_GPCR_p5HT2C',
                'NVS_GPCR_r5HT1_NonSelective',
                'NVS_GPCR_r5HT_NonSelective',
                'NVS_GPCR_rAdra1B',
                'NVS_GPCR_rAdra1_NonSelective',
                'NVS_GPCR_rAdra2_NonSelective',
                'NVS_GPCR_rAdrb_NonSelective',
                'NVS_GPCR_rNK1',
                'NVS_GPCR_rNK3',
                'NVS_GPCR_rOpiate_NonSelective',
                'NVS_GPCR_rOpiate_NonSelectiveNa',
                'NVS_GPCR_rSST',
                'NVS_GPCR_rTRH',
                'NVS_GPCR_rV1',
                'NVS_GPCR_rabPAF',
                'NVS_GPCR_rmAdra2B',
                'NVS_IC_hKhERGCh',
                'NVS_IC_rCaBTZCHL',
                'NVS_IC_rCaDHPRCh_L',
                'NVS_IC_rNaCh_site2',
                'NVS_LGIC_bGABARa1',
                'NVS_LGIC_h5HT3',
                'NVS_LGIC_hNNR_NBungSens',
                'NVS_LGIC_rGABAR_NonSelective',
                'NVS_LGIC_rNNR_BungSens',
                'NVS_MP_hPBR',
                'NVS_MP_rPBR',
                'NVS_NR_bER',
                'NVS_NR_bPR',
                'NVS_NR_cAR',
                'NVS_NR_hAR',
                'NVS_NR_hCAR_Antagonist',
                'NVS_NR_hER',
                'NVS_NR_hFXR_Agonist',
                'NVS_NR_hFXR_Antagonist',
                'NVS_NR_hGR',
                'NVS_NR_hPPARa',
                'NVS_NR_hPPARg',
                'NVS_NR_hPR',
                'NVS_NR_hPXR',
                'NVS_NR_hRAR_Antagonist',
                'NVS_NR_hRARa_Agonist',
                'NVS_NR_hTRa_Antagonist',
                'NVS_NR_mERa',
                'NVS_NR_rAR',
                'NVS_NR_rMR',
                'NVS_OR_gSIGMA_NonSelective',
                'NVS_TR_gDAT',
                'NVS_TR_hAdoT',
                'NVS_TR_hDAT',
                'NVS_TR_hNET',
                'NVS_TR_hSERT',
                'NVS_TR_rNET',
                'NVS_TR_rSERT',
                'NVS_TR_rVMAT2',
                'OT_AR_ARELUC_AG_1440',
                'OT_AR_ARSRC1_0480',
                'OT_AR_ARSRC1_0960',
                'OT_ER_ERaERa_0480',
                'OT_ER_ERaERa_1440',
                'OT_ER_ERaERb_0480',
                'OT_ER_ERaERb_1440',
                'OT_ER_ERbERb_0480',
                'OT_ER_ERbERb_1440',
                'OT_ERa_EREGFP_0120',
                'OT_ERa_EREGFP_0480',
                'OT_FXR_FXRSRC1_0480',
                'OT_FXR_FXRSRC1_1440',
                'OT_NURR1_NURR1RXRa_0480',
                'OT_NURR1_NURR1RXRa_1440',
                'TOX21_ARE_BLA_Agonist_ch1',
                'TOX21_ARE_BLA_Agonist_ch2',
                'TOX21_ARE_BLA_agonist_ratio',
                'TOX21_ARE_BLA_agonist_viability',
                'TOX21_AR_BLA_Agonist_ch1',
                'TOX21_AR_BLA_Agonist_ch2',
                'TOX21_AR_BLA_Agonist_ratio',
                'TOX21_AR_BLA_Antagonist_ch1',
                'TOX21_AR_BLA_Antagonist_ch2',
                'TOX21_AR_BLA_Antagonist_ratio',
                'TOX21_AR_BLA_Antagonist_viability',
                'TOX21_AR_LUC_MDAKB2_Agonist',
                'TOX21_AR_LUC_MDAKB2_Antagonist',
                'TOX21_AR_LUC_MDAKB2_Antagonist2',
                'TOX21_AhR_LUC_Agonist',
                'TOX21_Aromatase_Inhibition',
                'TOX21_AutoFluor_HEK293_Cell_blue',
                'TOX21_AutoFluor_HEK293_Media_blue',
                'TOX21_AutoFluor_HEPG2_Cell_blue',
                'TOX21_AutoFluor_HEPG2_Cell_green',
                'TOX21_AutoFluor_HEPG2_Media_blue',
                'TOX21_AutoFluor_HEPG2_Media_green',
                'TOX21_ELG1_LUC_Agonist',
                'TOX21_ERa_BLA_Agonist_ch1',
                'TOX21_ERa_BLA_Agonist_ch2',
                'TOX21_ERa_BLA_Agonist_ratio',
                'TOX21_ERa_BLA_Antagonist_ch1',
                'TOX21_ERa_BLA_Antagonist_ch2',
                'TOX21_ERa_BLA_Antagonist_ratio',
                'TOX21_ERa_BLA_Antagonist_viability',
                'TOX21_ERa_LUC_BG1_Agonist',
                'TOX21_ERa_LUC_BG1_Antagonist',
                'TOX21_ESRE_BLA_ch1',
                'TOX21_ESRE_BLA_ch2',
                'TOX21_ESRE_BLA_ratio',
                'TOX21_ESRE_BLA_viability',
                'TOX21_FXR_BLA_Antagonist_ch1',
                'TOX21_FXR_BLA_Antagonist_ch2',
                'TOX21_FXR_BLA_agonist_ch2',
                'TOX21_FXR_BLA_agonist_ratio',
                'TOX21_FXR_BLA_antagonist_ratio',
                'TOX21_FXR_BLA_antagonist_viability',
                'TOX21_GR_BLA_Agonist_ch1',
                'TOX21_GR_BLA_Agonist_ch2',
                'TOX21_GR_BLA_Agonist_ratio',
                'TOX21_GR_BLA_Antagonist_ch2',
                'TOX21_GR_BLA_Antagonist_ratio',
                'TOX21_GR_BLA_Antagonist_viability',
                'TOX21_HSE_BLA_agonist_ch1',
                'TOX21_HSE_BLA_agonist_ch2',
                'TOX21_HSE_BLA_agonist_ratio',
                'TOX21_HSE_BLA_agonist_viability',
                'TOX21_MMP_ratio_down',
                'TOX21_MMP_ratio_up',
                'TOX21_MMP_viability',
                'TOX21_NFkB_BLA_agonist_ch1',
                'TOX21_NFkB_BLA_agonist_ch2',
                'TOX21_NFkB_BLA_agonist_ratio',
                'TOX21_NFkB_BLA_agonist_viability',
                'TOX21_PPARd_BLA_Agonist_viability',
                'TOX21_PPARd_BLA_Antagonist_ch1',
                'TOX21_PPARd_BLA_agonist_ch1',
                'TOX21_PPARd_BLA_agonist_ch2',
                'TOX21_PPARd_BLA_agonist_ratio',
                'TOX21_PPARd_BLA_antagonist_ratio',
                'TOX21_PPARd_BLA_antagonist_viability',
                'TOX21_PPARg_BLA_Agonist_ch1',
                'TOX21_PPARg_BLA_Agonist_ch2',
                'TOX21_PPARg_BLA_Agonist_ratio',
                'TOX21_PPARg_BLA_Antagonist_ch1',
                'TOX21_PPARg_BLA_antagonist_ratio',
                'TOX21_PPARg_BLA_antagonist_viability',
                'TOX21_TR_LUC_GH3_Agonist',
                'TOX21_TR_LUC_GH3_Antagonist',
                'TOX21_VDR_BLA_Agonist_viability',
                'TOX21_VDR_BLA_Antagonist_ch1',
                'TOX21_VDR_BLA_agonist_ch2',
                'TOX21_VDR_BLA_agonist_ratio',
                'TOX21_VDR_BLA_antagonist_ratio',
                'TOX21_VDR_BLA_antagonist_viability',
                'TOX21_p53_BLA_p1_ch1',
                'TOX21_p53_BLA_p1_ch2',
                'TOX21_p53_BLA_p1_ratio',
                'TOX21_p53_BLA_p1_viability',
                'TOX21_p53_BLA_p2_ch1',
                'TOX21_p53_BLA_p2_ch2',
                'TOX21_p53_BLA_p2_ratio',
                'TOX21_p53_BLA_p2_viability',
                'TOX21_p53_BLA_p3_ch1',
                'TOX21_p53_BLA_p3_ch2',
                'TOX21_p53_BLA_p3_ratio',
                'TOX21_p53_BLA_p3_viability',
                'TOX21_p53_BLA_p4_ch1',
                'TOX21_p53_BLA_p4_ch2',
                'TOX21_p53_BLA_p4_ratio',
                'TOX21_p53_BLA_p4_viability',
                'TOX21_p53_BLA_p5_ch1',
                'TOX21_p53_BLA_p5_ch2',
                'TOX21_p53_BLA_p5_ratio',
                'TOX21_p53_BLA_p5_viability',
                'Tanguay_ZF_120hpf_AXIS_up',
                'Tanguay_ZF_120hpf_ActivityScore',
                'Tanguay_ZF_120hpf_BRAI_up',
                'Tanguay_ZF_120hpf_CFIN_up',
                'Tanguay_ZF_120hpf_CIRC_up',
                'Tanguay_ZF_120hpf_EYE_up',
                'Tanguay_ZF_120hpf_JAW_up',
                'Tanguay_ZF_120hpf_MORT_up',
                'Tanguay_ZF_120hpf_OTIC_up',
                'Tanguay_ZF_120hpf_PE_up',
                'Tanguay_ZF_120hpf_PFIN_up',
                'Tanguay_ZF_120hpf_PIG_up',
                'Tanguay_ZF_120hpf_SNOU_up',
                'Tanguay_ZF_120hpf_SOMI_up',
                'Tanguay_ZF_120hpf_SWIM_up',
                'Tanguay_ZF_120hpf_TRUN_up',
                'Tanguay_ZF_120hpf_TR_up',
                'Tanguay_ZF_120hpf_YSE_up'],
 'test': False,
 'test_fold_index': None,
 'train_data_size': None,
 'undirected': False,
 'use_input_features': False,
 'val_fold_index': None,
 'warmup_epochs': 2.0}
Loading data
Number of tasks = 617
Fold 0
Splitting data with seed 0
Class sizes
ACEA_T47D_80hr_Negative 0: 74.74%, 1: 25.26%
ACEA_T47D_80hr_Positive 0: 83.83%, 1: 16.17%
APR_HepG2_CellCycleArrest_24h_dn 0: 83.61%, 1: 16.39%
APR_HepG2_CellCycleArrest_24h_up 0: 95.52%, 1: 4.48%
APR_HepG2_CellCycleArrest_72h_dn 0: 77.27%, 1: 22.73%
APR_HepG2_CellLoss_24h_dn 0: 71.91%, 1: 28.09%
APR_HepG2_CellLoss_72h_dn 0: 58.14%, 1: 41.86%
APR_HepG2_MicrotubuleCSK_24h_dn 0: 93.88%, 1: 6.12%
APR_HepG2_MicrotubuleCSK_24h_up 0: 91.58%, 1: 8.42%
APR_HepG2_MicrotubuleCSK_72h_dn 0: 94.01%, 1: 5.99%
APR_HepG2_MicrotubuleCSK_72h_up 0: 88.69%, 1: 11.31%
APR_HepG2_MitoMass_24h_dn 0: 87.65%, 1: 12.35%
APR_HepG2_MitoMass_24h_up 0: 97.49%, 1: 2.51%
APR_HepG2_MitoMass_72h_dn 0: 90.80%, 1: 9.20%
APR_HepG2_MitoMass_72h_up 0: 92.90%, 1: 7.10%
APR_HepG2_MitoMembPot_1h_dn 0: 92.88%, 1: 7.12%
APR_HepG2_MitoMembPot_24h_dn 0: 82.08%, 1: 17.92%
APR_HepG2_MitoMembPot_72h_dn 0: 87.14%, 1: 12.86%
APR_HepG2_MitoticArrest_24h_up 0: 79.34%, 1: 20.66%
APR_HepG2_MitoticArrest_72h_up 0: 72.73%, 1: 27.27%
APR_HepG2_NuclearSize_24h_dn 0: 94.10%, 1: 5.90%
APR_HepG2_NuclearSize_72h_dn 0: 95.63%, 1: 4.37%
APR_HepG2_NuclearSize_72h_up 0: 98.14%, 1: 1.86%
APR_HepG2_OxidativeStress_24h_up 0: 77.70%, 1: 22.30%
APR_HepG2_OxidativeStress_72h_up 0: 77.16%, 1: 22.84%
APR_HepG2_StressKinase_1h_up 0: 93.26%, 1: 6.74%
APR_HepG2_StressKinase_24h_up 0: 92.79%, 1: 7.21%
APR_HepG2_StressKinase_72h_up 0: 89.73%, 1: 10.27%
APR_HepG2_p53Act_24h_up 0: 81.75%, 1: 18.25%
APR_HepG2_p53Act_72h_up 0: 80.22%, 1: 19.78%
APR_Hepat_Apoptosis_24hr_up 0: 85.02%, 1: 14.98%
APR_Hepat_Apoptosis_48hr_up 0: 83.52%, 1: 16.48%
APR_Hepat_CellLoss_24hr_dn 0: 82.40%, 1: 17.60%
APR_Hepat_CellLoss_48hr_dn 0: 87.27%, 1: 12.73%
APR_Hepat_DNADamage_24hr_up 0: 81.65%, 1: 18.35%
APR_Hepat_DNADamage_48hr_up 0: 80.15%, 1: 19.85%
APR_Hepat_DNATexture_24hr_up 0: 80.52%, 1: 19.48%
APR_Hepat_DNATexture_48hr_up 0: 82.02%, 1: 17.98%
APR_Hepat_MitoFxnI_1hr_dn 0: 82.40%, 1: 17.60%
APR_Hepat_MitoFxnI_24hr_dn 0: 86.89%, 1: 13.11%
APR_Hepat_MitoFxnI_48hr_dn 0: 86.89%, 1: 13.11%
APR_Hepat_NuclearSize_24hr_dn 0: 92.88%, 1: 7.12%
APR_Hepat_NuclearSize_48hr_dn 0: 89.51%, 1: 10.49%
APR_Hepat_Steatosis_24hr_up 0: 93.26%, 1: 6.74%
APR_Hepat_Steatosis_48hr_up 0: 93.26%, 1: 6.74%
ATG_AP_1_CIS_dn 0: 97.19%, 1: 2.81%
ATG_AP_1_CIS_up 0: 81.45%, 1: 18.55%
ATG_AP_2_CIS_dn 0: 93.44%, 1: 6.56%
ATG_AP_2_CIS_up 0: 98.67%, 1: 1.33%
ATG_AR_TRANS_dn 0: 99.33%, 1: 0.67%
ATG_AR_TRANS_up 0: 98.98%, 1: 1.02%
ATG_Ahr_CIS_dn 0: 92.98%, 1: 7.02%
ATG_Ahr_CIS_up 0: 86.74%, 1: 13.26%
ATG_BRE_CIS_dn 0: 97.09%, 1: 2.91%
ATG_BRE_CIS_up 0: 88.46%, 1: 11.54%
ATG_CAR_TRANS_dn 0: 97.58%, 1: 2.42%
ATG_CAR_TRANS_up 0: 98.91%, 1: 1.09%
ATG_CMV_CIS_dn 0: 95.79%, 1: 4.21%
ATG_CMV_CIS_up 0: 83.73%, 1: 16.27%
ATG_CRE_CIS_dn 0: 98.07%, 1: 1.93%
ATG_CRE_CIS_up 0: 89.44%, 1: 10.56%
ATG_C_EBP_CIS_dn 0: 97.40%, 1: 2.60%
ATG_C_EBP_CIS_up 0: 92.49%, 1: 7.51%
ATG_DR4_LXR_CIS_dn 0: 79.13%, 1: 20.87%
ATG_DR4_LXR_CIS_up 0: 98.00%, 1: 2.00%
ATG_DR5_CIS_dn 0: 95.55%, 1: 4.45%
ATG_DR5_CIS_up 0: 90.46%, 1: 9.54%
ATG_E2F_CIS_dn 0: 95.79%, 1: 4.21%
ATG_E2F_CIS_up 0: 99.05%, 1: 0.95%
ATG_EGR_CIS_up 0: 85.06%, 1: 14.94%
ATG_ERE_CIS_dn 0: 93.51%, 1: 6.49%
ATG_ERE_CIS_up 0: 74.61%, 1: 25.39%
ATG_ERRa_TRANS_dn 0: 98.98%, 1: 1.02%
ATG_ERRg_TRANS_dn 0: 99.05%, 1: 0.95%
ATG_ERRg_TRANS_up 0: 99.26%, 1: 0.74%
ATG_ERa_TRANS_up 0: 78.60%, 1: 21.40%
ATG_E_Box_CIS_dn 0: 90.00%, 1: 10.00%
ATG_E_Box_CIS_up 0: 97.44%, 1: 2.56%
ATG_Ets_CIS_dn 0: 93.02%, 1: 6.98%
ATG_Ets_CIS_up 0: 99.16%, 1: 0.84%
ATG_FXR_TRANS_up 0: 96.88%, 1: 3.12%
ATG_FoxA2_CIS_dn 0: 98.00%, 1: 2.00%
ATG_FoxA2_CIS_up 0: 97.76%, 1: 2.24%
ATG_FoxO_CIS_dn 0: 95.41%, 1: 4.59%
ATG_FoxO_CIS_up 0: 98.35%, 1: 1.65%
ATG_GAL4_TRANS_dn 0: 97.25%, 1: 2.75%
ATG_GATA_CIS_dn 0: 96.81%, 1: 3.19%
ATG_GATA_CIS_up 0: 98.53%, 1: 1.47%
ATG_GLI_CIS_dn 0: 98.63%, 1: 1.37%
ATG_GLI_CIS_up 0: 94.60%, 1: 5.40%
ATG_GRE_CIS_dn 0: 95.58%, 1: 4.42%
ATG_GRE_CIS_up 0: 98.42%, 1: 1.58%
ATG_GR_TRANS_dn 0: 99.16%, 1: 0.84%
ATG_GR_TRANS_up 0: 98.39%, 1: 1.61%
ATG_HIF1a_CIS_dn 0: 93.44%, 1: 6.56%
ATG_HIF1a_CIS_up 0: 88.60%, 1: 11.40%
ATG_HNF4a_TRANS_dn 0: 98.88%, 1: 1.12%
ATG_HNF4a_TRANS_up 0: 98.60%, 1: 1.40%
ATG_HNF6_CIS_dn 0: 96.46%, 1: 3.54%
ATG_HNF6_CIS_up 0: 97.79%, 1: 2.21%
ATG_HSE_CIS_dn 0: 98.46%, 1: 1.54%
ATG_HSE_CIS_up 0: 87.72%, 1: 12.28%
ATG_IR1_CIS_dn 0: 89.58%, 1: 10.42%
ATG_IR1_CIS_up 0: 97.05%, 1: 2.95%
ATG_ISRE_CIS_dn 0: 86.08%, 1: 13.92%
ATG_ISRE_CIS_up 0: 99.30%, 1: 0.70%
ATG_LXRa_TRANS_dn 0: 98.21%, 1: 1.79%
ATG_LXRa_TRANS_up 0: 96.95%, 1: 3.05%
ATG_LXRb_TRANS_dn 0: 99.12%, 1: 0.88%
ATG_LXRb_TRANS_up 0: 97.79%, 1: 2.21%
ATG_MRE_CIS_up 0: 78.36%, 1: 21.64%
ATG_M_06_TRANS_up 0: 99.40%, 1: 0.60%
ATG_M_19_CIS_dn 0: 97.61%, 1: 2.39%
ATG_M_19_TRANS_dn 0: 98.04%, 1: 1.96%
ATG_M_19_TRANS_up 0: 98.88%, 1: 1.12%
ATG_M_32_CIS_dn 0: 98.32%, 1: 1.68%
ATG_M_32_CIS_up 0: 98.32%, 1: 1.68%
ATG_M_32_TRANS_dn 0: 98.35%, 1: 1.65%
ATG_M_32_TRANS_up 0: 99.09%, 1: 0.91%
ATG_M_61_TRANS_up 0: 99.44%, 1: 0.56%
ATG_Myb_CIS_dn 0: 96.42%, 1: 3.58%
ATG_Myb_CIS_up 0: 98.35%, 1: 1.65%
ATG_Myc_CIS_dn 0: 98.42%, 1: 1.58%
ATG_Myc_CIS_up 0: 94.46%, 1: 5.54%
ATG_NFI_CIS_dn 0: 98.21%, 1: 1.79%
ATG_NFI_CIS_up 0: 91.90%, 1: 8.10%
ATG_NF_kB_CIS_dn 0: 91.69%, 1: 8.31%
ATG_NF_kB_CIS_up 0: 96.07%, 1: 3.93%
ATG_NRF1_CIS_dn 0: 95.33%, 1: 4.67%
ATG_NRF1_CIS_up 0: 96.98%, 1: 3.02%
ATG_NRF2_ARE_CIS_dn 0: 98.74%, 1: 1.26%
ATG_NRF2_ARE_CIS_up 0: 60.61%, 1: 39.39%
ATG_NURR1_TRANS_dn 0: 99.12%, 1: 0.88%
ATG_NURR1_TRANS_up 0: 93.97%, 1: 6.03%
ATG_Oct_MLP_CIS_dn 0: 98.84%, 1: 1.16%
ATG_Oct_MLP_CIS_up 0: 83.37%, 1: 16.63%
ATG_PBREM_CIS_dn 0: 98.95%, 1: 1.05%
ATG_PBREM_CIS_up 0: 88.18%, 1: 11.82%
ATG_PPARa_TRANS_dn 0: 99.05%, 1: 0.95%
ATG_PPARa_TRANS_up 0: 92.28%, 1: 7.72%
ATG_PPARd_TRANS_up 0: 97.72%, 1: 2.28%
ATG_PPARg_TRANS_up 0: 72.19%, 1: 27.81%
ATG_PPRE_CIS_dn 0: 96.98%, 1: 3.02%
ATG_PPRE_CIS_up 0: 84.01%, 1: 15.99%
ATG_PXRE_CIS_dn 0: 90.49%, 1: 9.51%
ATG_PXRE_CIS_up 0: 50.47%, 1: 49.53%
ATG_PXR_TRANS_dn 0: 99.23%, 1: 0.77%
ATG_PXR_TRANS_up 0: 71.17%, 1: 28.83%
ATG_Pax6_CIS_up 0: 86.43%, 1: 13.57%
ATG_RARa_TRANS_dn 0: 92.98%, 1: 7.02%
ATG_RARa_TRANS_up 0: 97.65%, 1: 2.35%
ATG_RARb_TRANS_dn 0: 96.18%, 1: 3.82%
ATG_RARb_TRANS_up 0: 99.30%, 1: 0.70%
ATG_RARg_TRANS_dn 0: 98.28%, 1: 1.72%
ATG_RARg_TRANS_up 0: 98.18%, 1: 1.82%
ATG_RORE_CIS_dn 0: 99.09%, 1: 0.91%
ATG_RORE_CIS_up 0: 88.71%, 1: 11.29%
ATG_RORb_TRANS_dn 0: 98.39%, 1: 1.61%
ATG_RORg_TRANS_dn 0: 99.09%, 1: 0.91%
ATG_RORg_TRANS_up 0: 98.98%, 1: 1.02%
ATG_RXRa_TRANS_dn 0: 99.33%, 1: 0.67%
ATG_RXRa_TRANS_up 0: 96.56%, 1: 3.44%
ATG_RXRb_TRANS_dn 0: 96.88%, 1: 3.12%
ATG_RXRb_TRANS_up 0: 83.83%, 1: 16.17%
ATG_SREBP_CIS_dn 0: 98.70%, 1: 1.30%
ATG_SREBP_CIS_up 0: 84.22%, 1: 15.78%
ATG_STAT3_CIS_dn 0: 97.19%, 1: 2.81%
ATG_STAT3_CIS_up 0: 98.74%, 1: 1.26%
ATG_Sox_CIS_dn 0: 98.91%, 1: 1.09%
ATG_Sox_CIS_up 0: 93.44%, 1: 6.56%
ATG_Sp1_CIS_dn 0: 98.91%, 1: 1.09%
ATG_Sp1_CIS_up 0: 89.62%, 1: 10.38%
ATG_TAL_CIS_dn 0: 98.14%, 1: 1.86%
ATG_TAL_CIS_up 0: 96.60%, 1: 3.40%
ATG_TA_CIS_dn 0: 99.12%, 1: 0.88%
ATG_TA_CIS_up 0: 93.06%, 1: 6.94%
ATG_TCF_b_cat_CIS_dn 0: 86.60%, 1: 13.40%
ATG_TCF_b_cat_CIS_up 0: 98.70%, 1: 1.30%
ATG_TGFb_CIS_dn 0: 96.11%, 1: 3.89%
ATG_TGFb_CIS_up 0: 96.04%, 1: 3.96%
ATG_THRa1_TRANS_dn 0: 98.70%, 1: 1.30%
ATG_THRa1_TRANS_up 0: 96.56%, 1: 3.44%
ATG_VDRE_CIS_dn 0: 99.44%, 1: 0.56%
ATG_VDRE_CIS_up 0: 72.47%, 1: 27.53%
ATG_VDR_TRANS_dn 0: 99.19%, 1: 0.81%
ATG_VDR_TRANS_up 0: 98.49%, 1: 1.51%
ATG_XTT_Cytotoxicity_up 0: 90.35%, 1: 9.65%
ATG_Xbp1_CIS_dn 0: 99.02%, 1: 0.98%
ATG_Xbp1_CIS_up 0: 86.74%, 1: 13.26%
ATG_p53_CIS_dn 0: 90.14%, 1: 9.86%
ATG_p53_CIS_up 0: 97.44%, 1: 2.56%
BSK_3C_Eselectin_down 0: 71.88%, 1: 28.12%
BSK_3C_HLADR_down 0: 62.11%, 1: 37.89%
BSK_3C_ICAM1_down 0: 85.23%, 1: 14.77%
BSK_3C_IL8_down 0: 77.34%, 1: 22.66%
BSK_3C_MCP1_down 0: 73.83%, 1: 26.17%
BSK_3C_MIG_down 0: 86.48%, 1: 13.52%
BSK_3C_Proliferation_down 0: 59.22%, 1: 40.78%
BSK_3C_SRB_down 0: 67.58%, 1: 32.42%
BSK_3C_Thrombomodulin_down 0: 95.39%, 1: 4.61%
BSK_3C_Thrombomodulin_up 0: 90.62%, 1: 9.38%
BSK_3C_TissueFactor_down 0: 77.73%, 1: 22.27%
BSK_3C_TissueFactor_up 0: 95.94%, 1: 4.06%
BSK_3C_VCAM1_down 0: 74.69%, 1: 25.31%
BSK_3C_Vis_down 0: 70.23%, 1: 29.77%
BSK_3C_uPAR_down 0: 71.25%, 1: 28.75%
BSK_4H_Eotaxin3_down 0: 69.61%, 1: 30.39%
BSK_4H_MCP1_down 0: 73.36%, 1: 26.64%
BSK_4H_Pselectin_down 0: 71.72%, 1: 28.28%
BSK_4H_Pselectin_up 0: 98.75%, 1: 1.25%
BSK_4H_SRB_down 0: 73.05%, 1: 26.95%
BSK_4H_VCAM1_down 0: 69.92%, 1: 30.08%
BSK_4H_VEGFRII_down 0: 85.08%, 1: 14.92%
BSK_4H_uPAR_down 0: 75.94%, 1: 24.06%
BSK_4H_uPAR_up 0: 98.52%, 1: 1.48%
BSK_BE3C_HLADR_down 0: 73.28%, 1: 26.72%
BSK_BE3C_IL1a_down 0: 81.02%, 1: 18.98%
BSK_BE3C_IP10_down 0: 72.97%, 1: 27.03%
BSK_BE3C_MIG_down 0: 86.25%, 1: 13.75%
BSK_BE3C_MMP1_down 0: 86.64%, 1: 13.36%
BSK_BE3C_MMP1_up 0: 91.25%, 1: 8.75%
BSK_BE3C_PAI1_down 0: 79.14%, 1: 20.86%
BSK_BE3C_SRB_down 0: 85.47%, 1: 14.53%
BSK_BE3C_TGFb1_down 0: 83.83%, 1: 16.17%
BSK_BE3C_tPA_down 0: 82.66%, 1: 17.34%
BSK_BE3C_uPAR_down 0: 85.94%, 1: 14.06%
BSK_BE3C_uPAR_up 0: 97.11%, 1: 2.89%
BSK_BE3C_uPA_down 0: 83.20%, 1: 16.80%
BSK_CASM3C_HLADR_down 0: 79.30%, 1: 20.70%
BSK_CASM3C_IL6_down 0: 85.86%, 1: 14.14%
BSK_CASM3C_IL6_up 0: 96.56%, 1: 3.44%
BSK_CASM3C_IL8_down 0: 90.00%, 1: 10.00%
BSK_CASM3C_LDLR_down 0: 88.83%, 1: 11.17%
BSK_CASM3C_LDLR_up 0: 95.16%, 1: 4.84%
BSK_CASM3C_MCP1_down 0: 85.47%, 1: 14.53%
BSK_CASM3C_MCP1_up 0: 97.66%, 1: 2.34%
BSK_CASM3C_MCSF_down 0: 81.33%, 1: 18.67%
BSK_CASM3C_MCSF_up 0: 98.67%, 1: 1.33%
BSK_CASM3C_MIG_down 0: 88.91%, 1: 11.09%
BSK_CASM3C_Proliferation_down 0: 69.84%, 1: 30.16%
BSK_CASM3C_Proliferation_up 0: 98.05%, 1: 1.95%
BSK_CASM3C_SAA_down 0: 87.34%, 1: 12.66%
BSK_CASM3C_SAA_up 0: 97.81%, 1: 2.19%
BSK_CASM3C_SRB_down 0: 82.58%, 1: 17.42%
BSK_CASM3C_Thrombomodulin_down 0: 95.08%, 1: 4.92%
BSK_CASM3C_Thrombomodulin_up 0: 82.42%, 1: 17.58%
BSK_CASM3C_TissueFactor_down 0: 84.61%, 1: 15.39%
BSK_CASM3C_VCAM1_down 0: 79.69%, 1: 20.31%
BSK_CASM3C_VCAM1_up 0: 97.73%, 1: 2.27%
BSK_CASM3C_uPAR_down 0: 82.89%, 1: 17.11%
BSK_CASM3C_uPAR_up 0: 98.44%, 1: 1.56%
BSK_KF3CT_ICAM1_down 0: 83.59%, 1: 16.41%
BSK_KF3CT_IL1a_down 0: 79.22%, 1: 20.78%
BSK_KF3CT_IP10_down 0: 77.27%, 1: 22.73%
BSK_KF3CT_IP10_up 0: 98.52%, 1: 1.48%
BSK_KF3CT_MCP1_down 0: 81.88%, 1: 18.12%
BSK_KF3CT_MCP1_up 0: 98.36%, 1: 1.64%
BSK_KF3CT_MMP9_down 0: 72.66%, 1: 27.34%
BSK_KF3CT_SRB_down 0: 83.59%, 1: 16.41%
BSK_KF3CT_TGFb1_down 0: 79.38%, 1: 20.62%
BSK_KF3CT_TIMP2_down 0: 77.34%, 1: 22.66%
BSK_KF3CT_uPA_down 0: 81.41%, 1: 18.59%
BSK_LPS_CD40_down 0: 70.62%, 1: 29.38%
BSK_LPS_Eselectin_down 0: 78.20%, 1: 21.80%
BSK_LPS_Eselectin_up 0: 98.59%, 1: 1.41%
BSK_LPS_IL1a_down 0: 78.52%, 1: 21.48%
BSK_LPS_IL1a_up 0: 98.52%, 1: 1.48%
BSK_LPS_IL8_down 0: 77.81%, 1: 22.19%
BSK_LPS_IL8_up 0: 97.66%, 1: 2.34%
BSK_LPS_MCP1_down 0: 77.89%, 1: 22.11%
BSK_LPS_MCSF_down 0: 72.34%, 1: 27.66%
BSK_LPS_PGE2_down 0: 78.67%, 1: 21.33%
BSK_LPS_PGE2_up 0: 93.12%, 1: 6.88%
BSK_LPS_SRB_down 0: 74.53%, 1: 25.47%
BSK_LPS_TNFa_down 0: 79.53%, 1: 20.47%
BSK_LPS_TNFa_up 0: 95.00%, 1: 5.00%
BSK_LPS_TissueFactor_down 0: 83.36%, 1: 16.64%
BSK_LPS_TissueFactor_up 0: 96.33%, 1: 3.67%
BSK_LPS_VCAM1_down 0: 69.14%, 1: 30.86%
BSK_SAg_CD38_down 0: 69.61%, 1: 30.39%
BSK_SAg_CD40_down 0: 69.61%, 1: 30.39%
BSK_SAg_CD69_down 0: 71.88%, 1: 28.12%
BSK_SAg_Eselectin_down 0: 71.25%, 1: 28.75%
BSK_SAg_Eselectin_up 0: 97.11%, 1: 2.89%
BSK_SAg_IL8_down 0: 76.02%, 1: 23.98%
BSK_SAg_IL8_up 0: 97.03%, 1: 2.97%
BSK_SAg_MCP1_down 0: 76.02%, 1: 23.98%
BSK_SAg_MIG_down 0: 83.83%, 1: 16.17%
BSK_SAg_PBMCCytotoxicity_down 0: 77.42%, 1: 22.58%
BSK_SAg_PBMCCytotoxicity_up 0: 95.31%, 1: 4.69%
BSK_SAg_Proliferation_down 0: 61.41%, 1: 38.59%
BSK_SAg_SRB_down 0: 75.70%, 1: 24.30%
BSK_hDFCGF_CollagenIII_down 0: 69.45%, 1: 30.55%
BSK_hDFCGF_EGFR_down 0: 93.20%, 1: 6.80%
BSK_hDFCGF_EGFR_up 0: 95.55%, 1: 4.45%
BSK_hDFCGF_IL8_down 0: 86.33%, 1: 13.67%
BSK_hDFCGF_IP10_down 0: 70.62%, 1: 29.38%
BSK_hDFCGF_MCSF_down 0: 71.02%, 1: 28.98%
BSK_hDFCGF_MIG_down 0: 78.98%, 1: 21.02%
BSK_hDFCGF_MMP1_down 0: 81.17%, 1: 18.83%
BSK_hDFCGF_MMP1_up 0: 95.47%, 1: 4.53%
BSK_hDFCGF_PAI1_down 0: 72.50%, 1: 27.50%
BSK_hDFCGF_Proliferation_down 0: 57.11%, 1: 42.89%
BSK_hDFCGF_SRB_down 0: 76.80%, 1: 23.20%
BSK_hDFCGF_TIMP1_down 0: 81.17%, 1: 18.83%
BSK_hDFCGF_VCAM1_down 0: 70.86%, 1: 29.14%
CEETOX_H295R_11DCORT_dn 0: 59.26%, 1: 40.74%
CEETOX_H295R_ANDR_dn 0: 61.23%, 1: 38.77%
CEETOX_H295R_CORTISOL_dn 0: 73.33%, 1: 26.67%
CEETOX_H295R_DOC_dn 0: 74.31%, 1: 25.69%
CEETOX_H295R_DOC_up 0: 84.79%, 1: 15.21%
CEETOX_H295R_ESTRADIOL_dn 0: 93.30%, 1: 6.70%
CEETOX_H295R_ESTRADIOL_up 0: 84.12%, 1: 15.88%
CEETOX_H295R_ESTRONE_dn 0: 90.62%, 1: 9.38%
CEETOX_H295R_ESTRONE_up 0: 85.19%, 1: 14.81%
